fx = 538.084
fy = 538.084
cx = 319.500
cy = 239.500
width =  640
height = 480

         
